0.000000000000000000e+00
0.000000000000000000e+00
0.000000000000000000e+00
0.000000000000000000e+00
0.000000000000000000e+00
1.465040404582396150e-04
7.087133126333355904e-04
2.005274174734950066e-03
4.010548349469900131e-03
9.273706004023551941e-03
1.550195924937725067e-02
2.318426594138145447e-02
3.164304420351982117e-02
3.758744522929191589e-02
4.201003536581993103e-02
4.522579908370971680e-02
4.758085310459136963e-02
4.873823374509811401e-02
5.004395171999931335e-02
4.889755696058273315e-02
4.859539121389389038e-02
4.685382544994354248e-02
4.636486992239952087e-02
4.473684355616569519e-02
4.392923787236213684e-02
4.205032438039779663e-02
4.190198704600334167e-02
3.956525027751922607e-02
3.861114010214805603e-02
3.698311373591423035e-02
3.511701896786689758e-02
3.210086748003959656e-02
2.951690368354320526e-02
2.601728774607181549e-02
2.254880405962467194e-02
1.854924298822879791e-02
